<?xml version="1.0" encoding="UTF-8" standalone="no" ?>
<SimscapeMultibodyImportXML version="2.0" xmlns="urn:mathworks:SimscapeMultibody:import" xmlns:xsi="http://www.w3.org/2001/XMLSchema-instance">
<Created by="" on="12/23/23||09:31:01" using="Simscape Multibody Link Version 7.4" from="SolidWorks 28.0.0"/>
<ModelUnits mass="kilogram" length="millimeter"/>
<DataUnits mass="kilogram" length="meter"/>
<RootAssembly name="Scara_full" uid="Scara_full" version="178">
<AssemblyFile name="Scara_full.SLDASM" type="SolidWorks Assembly"/>
<InstanceTree>
<Instance name="ThanXoay_Full-1" uid="ThanXoay_Full-1" entityUid="ThanXoay_Full" rigid="true">
<Transform>
<Rotation>0.95635135160661011 -0.29221925378080449 0 -0.29221925378080449 -0.95635135160661011 1.1102230246253461e-16 0 -1.2645311300516145e-16 -0.99999999999999989</Rotation>
<Translation>0.02821306285436128 0.96841805305031903 0.42438282269919847</Translation>
</Transform>
<Instance name="TX_TrucVit-1" uid="TX_TrucVit-1" entityUid="TX_TrucVit*:*Default">
<Transform>
<Rotation>0.97928104098078528 -0.20250590800169121 0 0.20250590800169121 0.97928104098078528 0 0 0 0.99999999999999978</Rotation>
<Translation>0.04473984455460514 0.043532210197052001 -0.40099253617899971</Translation>
</Transform>
</Instance>
<Instance name="TX_Puly1-2" uid="TX_Puly1-2" entityUid="TX_Puly1*:*Default">
<Transform>
<Rotation>0 -0.11513965616546415 -0.99334931397675952 0 0.99334931397675952 -0.11513965616546415 1 0 0</Rotation>
<Translation>0.044739844554605168 0.04353221019705189 0.13000746382100026</Translation>
</Transform>
</Instance>
<Instance name="angular contact ball bearing_68_iso-2" uid="angular contact ball bearing_68_iso-2" entityUid="angular contact ball bearing_68_iso*:*ISO 15 ABB - 2012 - 10,SI,NC,10_68">
<Transform>
<Rotation>0 0.82961273890250964 0.55833923688979314 0 0.55833923688979326 -0.82961273890250953 -0.99999999999999978 0 0</Rotation>
<Translation>0.044739844554605168 0.04353221019705189 0.10100746382100023</Translation>
</Transform>
</Instance>
<Instance name="TX_NapTren-1" uid="TX_NapTren-1" entityUid="TX_NapTren*:*Default">
<Transform>
<Rotation>1 0 1.1657341758564144e-15 -1.1102230246251565e-15 0 0.99999999999999989 0 -0.99999999999999978 0</Rotation>
<Translation>0.044739844552327546 0.089133977918220308 -0.39899253617899949</Translation>
</Transform>
</Instance>
<Instance name="TX_TrucDoDuoi-1" uid="TX_TrucDoDuoi-1" entityUid="TX_TrucDoDuoi*:*Default">
<Transform>
<Rotation>0.46614973064142129 0.88470584299129085 0 0.88470584299129085 -0.46614973064142129 0 0 0 -0.99999999999999989</Rotation>
<Translation>0.015629661029216035 0.13886084911634844 -0.035992536178999723</Translation>
</Transform>
</Instance>
<Instance name="TX_Truc-2" uid="TX_Truc-2" entityUid="TX_Truc*:*Default">
<Transform>
<Rotation>-0.35242003948906925 0.935841928835486 0 -0.935841928835486 -0.35242003948906925 0 0 0 1</Rotation>
<Translation>-0.010260155447672337 0.089133977918220419 -0.41899253617899951</Translation>
</Transform>
</Instance>
<Instance name="angular contact ball bearing_68_iso-5" uid="angular contact ball bearing_68_iso-5" entityUid="angular contact ball bearing_68_iso*:*ISO 15 ABB - 2012 - 10,SI,NC,10_68">
<Transform>
<Rotation>0 -0.99624989442480016 0.086522528040820099 0 -0.086522528040820099 -0.99624989442480016 1 0 0</Rotation>
<Translation>0.044739844552327546 0.043533977918220224 -0.4049925361789995</Translation>
</Transform>
</Instance>
<Instance name="TX_Motor-1" uid="TX_Motor-1" entityUid="TX_Motor*:*Default">
<Transform>
<Rotation>0 0 1 1 0 0 0 1 0</Rotation>
<Translation>0.044739844552327546 0.10738397791822074 0.024007463821000274</Translation>
</Transform>
</Instance>
<Instance name="TX_Puly1-1" uid="TX_Puly1-1" entityUid="TX_Puly1*:*Default">
<Transform>
<Rotation>0 -0.36867395983898149 -0.92955877239507834 0 0.92955877239507834 -0.36867395983898149 1 0 0</Rotation>
<Translation>0.044739844552327546 0.10738397791822074 0.13000746382100026</Translation>
</Transform>
</Instance>
<Instance name="TX_DeXoay-1" uid="TX_DeXoay-1" grounded="true" entityUid="TX_DeXoay*:*Default">
<Transform>
<Rotation>1 0 0 0 1 0 0 0 1</Rotation>
<Translation>0.044739844552327546 0.089133977918220975 0.16700746382100023</Translation>
</Transform>
</Instance>
<Instance name="TX_Truc-1" uid="TX_Truc-1" entityUid="TX_Truc*:*Default">
<Transform>
<Rotation>-0.35242003948906925 0.935841928835486 0 -0.935841928835486 -0.35242003948906925 0 0 0 1</Rotation>
<Translation>0.099739844552327622 0.089133977918220308 -0.41899253617899951</Translation>
</Transform>
</Instance>
</Instance>
<Instance name="DeTru_Full-1" uid="DeTru_Full-1" grounded="true" entityUid="DeTru_Full" rigid="true">
<Transform>
<Rotation>0.96196698868297625 0 -0.27316572384581261 -0.27316572384581278 -1.2038680639850874e-16 -0.96196698868297625 0 0.99999999999999989 -1.1303408372920113e-16</Rotation>
<Translation>-0.020501264625583344 1.073797321914101 0.033133529960355283</Translation>
</Transform>
<Instance name="angular contact ball bearing_68_iso-1" uid="angular contact ball bearing_68_iso-1" entityUid="angular contact ball bearing_68_iso*:*ISO 15 ABB - 1055 - 18,SI,NC,18_68">
<Transform>
<Rotation>0 -1 -1.6653345369377343e-16 1 0 0 0 -1.6653345369377343e-16 1</Rotation>
<Translation>0.11860814087440871 0.20124182891784287 0.17806934798028196</Translation>
</Transform>
</Instance>
<Instance name="DT_NapDuoi-1" uid="DT_NapDuoi-1" entityUid="DT_NapDuoi*:*Default">
<Transform>
<Rotation>1 0 0 0 1 0 0 0 1</Rotation>
<Translation>0.11860814087440874 0.1062418289178429 0.17806934798028196</Translation>
</Transform>
</Instance>
<Instance name="DT_Than-1" uid="DT_Than-1" grounded="true" entityUid="DT_Than*:*Default">
<Transform>
<Rotation>1 0 0 0 1 0 0 0 1</Rotation>
<Translation>0.16202907090017143 0.11024182891784287 0.199316747323525</Translation>
</Transform>
</Instance>
<Instance name="DT_TrucQuay-1" uid="DT_TrucQuay-1" entityUid="DT_TrucQuay*:*Default">
<Transform>
<Rotation>-0.96196698868297648 0 -0.27316572384581167 0 1 0 0.27316572384581167 0 -0.96196698868297648</Rotation>
<Translation>0.11860814087440877 0.21524182891784288 0.17806934798028207</Translation>
</Transform>
</Instance>
<Instance name="DT_Puly1-1" uid="DT_Puly1-1" entityUid="DT_Puly1*:*Default">
<Transform>
<Rotation>0.96196698868297648 0 0.27316572384581156 0 1 0 -0.27316572384581156 0 0.96196698868297648</Rotation>
<Translation>0.1186081408744088 0.12274182891784288 0.17806934798028207</Translation>
</Transform>
</Instance>
</Instance>
<Instance name="CT2_Full-1" uid="CT2_Full-1" entityUid="CT2_Full" rigid="true">
<Transform>
<Rotation>0.97700716092350259 -0.21320649029567001 0 -0.21320649029567001 -0.97700716092350259 -5.9388723173696342e-16 0 6.0142524518277223e-16 -1</Rotation>
<Translation>0.19847080309154119 1.3365390874572556 0.63765213887860606</Translation>
</Transform>
<Instance name="CT2_NapTren-1" uid="CT2_NapTren-1" entityUid="CT2_NapTren*:*Default">
<Transform>
<Rotation>-1 -1.1680792036647677e-16 0 0 0 -1 1.1680792036647677e-16 -1 0</Rotation>
<Translation>-0.023223037231163007 0.08244009689340448 0.21327760269006124</Translation>
</Transform>
</Instance>
<Instance name="CT2_ThanGiua-1" uid="CT2_ThanGiua-1" entityUid="CT2_ThanGiua*:*Default">
<Transform>
<Rotation>1 0 0 0 1 0 0 0 1</Rotation>
<Translation>-0.023583657297793187 -0.026921490930426728 0.17503760269006136</Translation>
</Transform>
</Instance>
<Instance name="CT2_NapDuoi-1" uid="CT2_NapDuoi-1" entityUid="CT2_NapDuoi*:*Default">
<Transform>
<Rotation>1 0 0 0 0 -1 0 1 0</Rotation>
<Translation>-0.023944277364423366 0.082440096893404258 0.13679760269006125</Translation>
</Transform>
</Instance>
</Instance>
<Instance name="TD_Full-1" uid="TD_Full-1" entityUid="TD_Full" rigid="true">
<Transform>
<Rotation>0.27316572384581267 0 0.96196698868297625 0.96196698868297592 0 -0.2731657238458125 1.6653345369377348e-16 1 0</Rotation>
<Translation>-0.16734477578652379 0.6803456490636538 0.17215986583608159</Translation>
</Transform>
<Instance name="TD_DeMotor-1" uid="TD_DeMotor-1" grounded="true" entityUid="TD_DeMotor*:*Default">
<Transform>
<Rotation>1 0 0 0 1 0 0 0 1</Rotation>
<Translation>0.079530786962281663 0.09621549304211649 0.14988924010099516</Translation>
</Transform>
</Instance>
<Instance name="TD_Truc1-1" uid="TD_Truc1-1" entityUid="TD_Truc1*:*Default">
<Transform>
<Rotation>1 0 0 0 1 0 0 0 1</Rotation>
<Translation>0.03728632130890408 0.091215493042116486 0.20533644559172604</Translation>
</Transform>
</Instance>
<Instance name="TD_Truc1-2" uid="TD_Truc1-2" entityUid="TD_Truc1*:*Default">
<Transform>
<Rotation>1 0 0 0 1 0 0 0 1</Rotation>
<Translation>0.12328632130890405 0.091215493042116486 0.093902367219819649</Translation>
</Transform>
</Instance>
<Instance name="TD_Motor-1" uid="TD_Motor-1" entityUid="TD_Motor*:*Default">
<Transform>
<Rotation>0.0013328355839566373 0 -0.9999991117742586 0 -1 0 -0.9999991117742586 0 -0.0013328355839566373</Rotation>
<Translation>0.079530786962281885 0.19421549304211647 0.20038924010099515</Translation>
</Transform>
</Instance>
<Instance name="TD_Puly1-1" uid="TD_Puly1-1" entityUid="TD_Puly1*:*Default">
<Transform>
<Rotation>0 0.99863051667183766 -0.052317216781271957 -1 0 2.1233187117843188e-16 2.1346110025054491e-16 0.052317216781271957 0.99863051667183766</Rotation>
<Translation>0.079530786962281663 0.089215493042116484 0.20038924010099504</Translation>
</Transform>
</Instance>
<Instance name="TD_Truc1-3" uid="TD_Truc1-3" entityUid="TD_Truc1*:*Default">
<Transform>
<Rotation>1 0 0 0 1 0 0 0 1</Rotation>
<Translation>0.12328632130890405 0.091215493042116486 0.20533644559172604</Translation>
</Transform>
</Instance>
<Instance name="TD_Nap1-1" uid="TD_Nap1-1" entityUid="TD_Nap1*:*Default">
<Transform>
<Rotation>1 4.0716680074964949e-16 2.2204460492503131e-16 4.0716680074964954e-16 -1 0 2.2204460492503131e-16 0 -1</Rotation>
<Translation>0.078786321308904061 0.70621549304211639 0.14961940640577281</Translation>
</Transform>
</Instance>
<Instance name="TD_Truc1-4" uid="TD_Truc1-4" entityUid="TD_Truc1*:*Default">
<Transform>
<Rotation>1 0 0 0 1 0 0 0 1</Rotation>
<Translation>0.03728632130890408 0.091215493042116486 0.093902367219819649</Translation>
</Transform>
</Instance>
<Instance name="TD_HopDai-1" uid="TD_HopDai-1" entityUid="TD_HopDai*:*Default">
<Transform>
<Rotation>1 0 0 0 1 0 0 0 1</Rotation>
<Translation>0.080286321308904118 0.10121549304211649 0.14961940640577287</Translation>
</Transform>
</Instance>
</Instance>
<Instance name="HopSo_Full-1" uid="HopSo_Full-1" entityUid="HopSo_Full" rigid="true">
<Transform>
<Rotation>-0.2731657238458125 0 0.96196698868297614 -0.96196698868297614 1.5182598657714084e-16 -0.2731657238458125 -1.6653345369377348e-16 -1 0</Rotation>
<Translation>-0.29102784531837994 0.90901536887546763 0.4336974290002456</Translation>
</Transform>
<Instance name="HS_Than-1" uid="HS_Than-1" grounded="true" entityUid="HS_Than" rigid="true">
<Transform>
<Rotation>1 0 0 0 1 0 0 0 1</Rotation>
<Translation>0.041135038439712668 0.085075399682486952 0.18188505597697008</Translation>
</Transform>
<Instance name="angular contact ball bearing_68_iso-1" uid="angular contact ball bearing_68_iso-1" entityUid="angular contact ball bearing_68_iso*:*ISO 15 ABB - 0210 - 8,SI,NC,8_68">
<Transform>
<Rotation>0 -0.99999999999999989 0 1 0 0 0 0 0.99999999999999989</Rotation>
<Translation>0.065520921152214862 0.1257466704395605 0.10244794360666523</Translation>
</Transform>
</Instance>
<Instance name="HS_Khung-1" uid="HS_Khung-1" grounded="true" entityUid="HS_Khung*:*Default">
<Transform>
<Rotation>1 0 0 0 1 0 0 0 1</Rotation>
<Translation>0.065520921152214862 0.10774667043956054 0.14944794360666525</Translation>
</Transform>
</Instance>
<Instance name="HS_Truc1-1" uid="HS_Truc1-1" entityUid="HS_Truc1*:*Default">
<Transform>
<Rotation>0.98119437652466124 0 -0.19302226678904472 0 1 0 0.19302226678904472 0 0.98119437652466124</Rotation>
<Translation>0.065520921152214862 0.091246670439560529 0.1024479436066652</Translation>
</Transform>
</Instance>
<Instance name="HS_PuLy1-1" uid="HS_PuLy1-1" entityUid="HS_PuLy1*:*Default">
<Transform>
<Rotation>0 -0.99999999999999989 0 1 0 0 0 0 0.99999999999999989</Rotation>
<Translation>0.065520921152214862 0.13224667043956051 0.10244794360666523</Translation>
</Transform>
</Instance>
<Instance name="HS_PuLy2-1" uid="HS_PuLy2-1" entityUid="HS_PuLy2*:*Default">
<Transform>
<Rotation>0 -0.99999999999999989 0 1 0 0 0 0 0.99999999999999989</Rotation>
<Translation>0.065520921152214862 0.090246670439560528 0.10244794360666523</Translation>
</Transform>
</Instance>
</Instance>
<Instance name="HS_Than-2" uid="HS_Than-2" entityUid="HS_Than" rigid="true">
<Transform>
<Rotation>-0.99999999999999989 0 0 0 1 0 0 0 -0.99999999999999989</Rotation>
<Translation>0.17217688074414239 0.13007539968248694 0.48078094319030051</Translation>
</Transform>
<Instance name="angular contact ball bearing_68_iso-1" uid="angular contact ball bearing_68_iso-1" entityUid="angular contact ball bearing_68_iso*:*ISO 15 ABB - 0210 - 8,SI,NC,8_68">
<Transform>
<Rotation>0 -0.99999999999999989 0 1 0 0 0 0 0.99999999999999989</Rotation>
<Translation>0.065520921152214862 0.1257466704395605 0.10244794360666526</Translation>
</Transform>
</Instance>
<Instance name="HS_Khung-1" uid="HS_Khung-1" grounded="true" entityUid="HS_Khung*:*Default">
<Transform>
<Rotation>1 0 0 0 1 0 0 0 1</Rotation>
<Translation>0.065520921152214751 0.10774667043956049 0.14944794360666522</Translation>
</Transform>
</Instance>
<Instance name="HS_Truc1-1" uid="HS_Truc1-1" entityUid="HS_Truc1*:*Default">
<Transform>
<Rotation>0.98119437652466124 0 -0.19302226678904472 0 1 0 0.19302226678904472 0 0.98119437652466124</Rotation>
<Translation>0.065520921152214751 0.091246670439560473 0.10244794360666518</Translation>
</Transform>
</Instance>
<Instance name="HS_PuLy1-1" uid="HS_PuLy1-1" entityUid="HS_PuLy1*:*Default">
<Transform>
<Rotation>0 -0.99999999999999989 0 1 0 0 0 0 0.99999999999999989</Rotation>
<Translation>0.065520921152214862 0.13224667043956051 0.10244794360666526</Translation>
</Transform>
</Instance>
<Instance name="HS_PuLy2-1" uid="HS_PuLy2-1" entityUid="HS_PuLy2*:*Default">
<Transform>
<Rotation>0 -0.99999999999999989 0 1 0 0 0 0 0.99999999999999989</Rotation>
<Translation>0.065520921152214862 0.0902466704395605 0.10244794360666526</Translation>
</Transform>
</Instance>
</Instance>
</Instance>
<Instance name="CT1_Full-1" uid="CT1_Full-1" entityUid="CT1_Full" rigid="true">
<Transform>
<Rotation>-0.95635135160661111 -0.2922192537808006 1.43725499841657e-16 0.2922192537808006 -0.95635135160661111 5.1973213231446196e-16 0 5.3904588552532339e-16 0.99999999999999989</Rotation>
<Translation>0.25619944759441937 1.2065200480792169 0.15219627024342711</Translation>
</Transform>
<Instance name="CT1_TrucDo2-1" uid="CT1_TrucDo2-1" entityUid="CT1_TrucDo2*:*Default">
<Transform>
<Rotation>-0.99420305865692882 0 0.10751873398253661 0.10751873398253661 0 0.99420305865692882 0 1 0</Rotation>
<Translation>0.10371725533066989 0.053215153905261214 0.44165826594511748</Translation>
</Transform>
</Instance>
<Instance name="angular contact ball bearing_68_iso-1" uid="angular contact ball bearing_68_iso-1" entityUid="angular contact ball bearing_68_iso*:*ISO 15 ABB - 8322 - 10,SI,NC,10_68">
<Transform>
<Rotation>0 0.52997709183819808 0.84801195871681323 0 0.84801195871681323 -0.52997709183819808 -1 0 0</Rotation>
<Translation>0.10371725533066992 0.053215153905261214 0.40794706168041539</Translation>
</Transform>
</Instance>
<Instance name="CT1_Motor-1" uid="CT1_Motor-1" entityUid="CT1_Motor*:*Default">
<Transform>
<Rotation>0.76070032869531157 1.2643000427651216e-16 0.64910323518131141 -0.64910323518131141 0 0.76070032869531157 1.1822291291733931e-16 -0.99999999999999989 0</Rotation>
<Translation>0.10635090661122795 0.2612346931606272 0.56165826594511725</Translation>
</Transform>
</Instance>
<Instance name="CT1_BacTruot-2" uid="CT1_BacTruot-2" entityUid="CT1_BacTruot*:*Default">
<Transform>
<Rotation>0 0.99068286460738098 -0.13618906627667815 0 -0.13618906627667815 -0.99068286460738098 -0.99999999999999978 0 0</Rotation>
<Translation>0.15871725533067008 0.38346515390526059 0.43915826594511753</Translation>
</Transform>
</Instance>
<Instance name="CT1_Truc1-1" uid="CT1_Truc1-1" entityUid="CT1_Truc1*:*Default">
<Transform>
<Rotation>0.89987314326295575 0 0.43615172363989108 0.43615172363989108 0 -0.89987314326295575 0 0.99999999999999978 0</Rotation>
<Translation>0.10371725533066986 0.20246451452294112 0.35565826594511762</Translation>
</Transform>
</Instance>
<Instance name="CT1_BacTruot-4" uid="CT1_BacTruot-4" entityUid="CT1_BacTruot*:*Default">
<Transform>
<Rotation>0 0.99068286460738098 -0.13618906627667815 0 -0.13618906627667815 -0.99068286460738098 -0.99999999999999978 0 0</Rotation>
<Translation>0.048717255330669978 0.3834651539052607 0.43915826594511753</Translation>
</Transform>
</Instance>
<Instance name="CT1_PuLy2-1" uid="CT1_PuLy2-1" entityUid="CT1_PuLy2*:*Default">
<Transform>
<Rotation>-0.89987314326295564 0 0.43615172363989119 -0.43615172363989119 0 -0.89987314326295564 0 -0.99999999999999978 0</Rotation>
<Translation>0.10371725533066986 0.20246451452294112 0.4556582659451176</Translation>
</Transform>
</Instance>
<Instance name="CT1_PuLy3-1" uid="CT1_PuLy3-1" entityUid="CT1_PuLy3*:*Default">
<Transform>
<Rotation>0 -0.9701464790044606 -0.24251970904495129 1.2246467991473675e-16 -0.24251970904495129 0.9701464790044606 -1 0 1.1880867802169018e-16</Rotation>
<Translation>0.10371725533066992 0.053215153905261214 0.37765826594511753</Translation>
</Transform>
</Instance>
<Instance name="CT1_Truc2-1" uid="CT1_Truc2-1" entityUid="CT1_Truc2*:*Default">
<Transform>
<Rotation>0.53709182685604628 0 -0.84352378124415361 0.84352378124415373 1.2246467991473604e-16 0.53709182685604617 1.0330186987053302e-16 -0.99999999999999978 0</Rotation>
<Translation>0.10371725533066994 0.053215153905261436 0.4686582659451175</Translation>
</Transform>
</Instance>
<Instance name="CT1_TrucDo1-1" uid="CT1_TrucDo1-1" entityUid="CT1_TrucDo1*:*Default">
<Transform>
<Rotation>0.081599988338004137 0 -0.99666516037395303 -0.99666516037395303 -1.2246467991473584e-16 -0.081599988338004137 -1.2205627984736482e-16 0.99999999999999978 0</Rotation>
<Translation>0.10371725533066978 0.053215153905261436 0.35865826594511752</Translation>
</Transform>
</Instance>
<Instance name="CT1_BacTruot-3" uid="CT1_BacTruot-3" entityUid="CT1_BacTruot*:*Default">
<Transform>
<Rotation>0 0.99068286460738098 -0.13618906627667815 0 -0.13618906627667815 -0.99068286460738098 -0.99999999999999978 0 0</Rotation>
<Translation>0.048717255330669978 0.3834651539052607 0.38515826594511759</Translation>
</Transform>
</Instance>
<Instance name="CT1_BacTruot-1" uid="CT1_BacTruot-1" entityUid="CT1_BacTruot*:*Default">
<Transform>
<Rotation>0 0.99068286460738098 -0.13618906627667815 0 -0.13618906627667815 -0.99068286460738098 -0.99999999999999978 0 0</Rotation>
<Translation>0.15871725533067002 0.38346515390526081 0.38515826594511759</Translation>
</Transform>
</Instance>
<Instance name="CT1_ThanGiua-1" uid="CT1_ThanGiua-1" grounded="true" entityUid="CT1_ThanGiua*:*Default">
<Transform>
<Rotation>1 0 0 0 1 0 0 0 1</Rotation>
<Translation>0.10371725533066981 -0.0067848460947386169 0.35565826594511751</Translation>
</Transform>
</Instance>
<Instance name="CT1_DAVM-1" uid="CT1_DAVM-1" entityUid="CT1_DAVM*:*Default">
<Transform>
<Rotation>0 0.15364451004070989 0.98812618856821632 0 0.98812618856821632 -0.15364451004070989 -0.99999999999999978 0 0</Rotation>
<Translation>0.10371725533294748 0.33786338618409217 0.43138294758894902</Translation>
</Transform>
</Instance>
<Instance name="CT1_NapDuoi-1" uid="CT1_NapDuoi-1" entityUid="CT1_NapDuoi*:*Default">
<Transform>
<Rotation>1 0 0 0 1 0 0 0 1</Rotation>
<Translation>0.10371725533066997 -0.0067848460947386169 0.4686582659451175</Translation>
</Transform>
</Instance>
<Instance name="CT1_PuLy1-1" uid="CT1_PuLy1-1" entityUid="CT1_PuLy1*:*Default">
<Transform>
<Rotation>0 0.29367838632056825 0.95590428674012495 0 -0.95590428674012495 0.29367838632056825 1 0 0</Rotation>
<Translation>0.10371725533066997 0.20246451452294112 0.35865826594511752</Translation>
</Transform>
</Instance>
<Instance name="CT1_PuLy1-2" uid="CT1_PuLy1-2" entityUid="CT1_PuLy1*:*Default">
<Transform>
<Rotation>1.2643000427651238e-16 -0.90290699385003126 -0.42983596924489664 0 -0.42983596924489664 0.90290699385003126 -1 0 -1.288643246516778e-16</Rotation>
<Translation>0.10635090661122801 0.26123469316062742 0.46565826594511761</Translation>
</Transform>
</Instance>
<Instance name="CT1_NapTren-1" uid="CT1_NapTren-1" entityUid="CT1_NapTren*:*Default">
<Transform>
<Rotation>1 0 0 0 1 0 0 0 1</Rotation>
<Translation>0.10371725533067011 -0.0067848460947388389 0.35315826594511757</Translation>
</Transform>
</Instance>
</Instance>
</InstanceTree>
<Constraints>
<Concentric name="Concentric1">
<ConstraintGeometry geomType="cylinder">
<InstancePath>
<Uid>CT1_Full-1</Uid>
<Uid>CT1_BacTruot-4</Uid>
</InstancePath>
<Position>0.029499999999999971 0 0</Position>
<Axis>0.99999999999999989 0 0</Axis>
</ConstraintGeometry>
<ConstraintGeometry geomType="cylinder">
<InstancePath>
<Uid>ThanXoay_Full-1</Uid>
<Uid>TX_Truc-1</Uid>
</InstancePath>
<Position>0 0 0.57999999999999985</Position>
<Axis>0 0 -0.99999999999999989</Axis>
</ConstraintGeometry>
</Concentric>
<Concentric name="Concentric2">
<ConstraintGeometry geomType="cylinder">
<InstancePath>
<Uid>CT1_Full-1</Uid>
<Uid>CT1_BacTruot-2</Uid>
</InstancePath>
<Position>0.029499999999999971 0 0</Position>
<Axis>0.99999999999999989 0 0</Axis>
</ConstraintGeometry>
<ConstraintGeometry geomType="cylinder">
<InstancePath>
<Uid>ThanXoay_Full-1</Uid>
<Uid>TX_Truc-2</Uid>
</InstancePath>
<Position>0 0 0.57999999999999985</Position>
<Axis>0 0 -0.99999999999999989</Axis>
</ConstraintGeometry>
</Concentric>
<Distance name="LimitDistance1">
<ConstraintGeometry geomType="plane">
<InstancePath>
<Uid>CT1_Full-1</Uid>
<Uid>CT1_NapTren-1</Uid>
</InstancePath>
<Position>0 0 0</Position>
<Axis>0 0 -0.99999999999999989</Axis>
</ConstraintGeometry>
<ConstraintGeometry geomType="plane">
<InstancePath>
<Uid>ThanXoay_Full-1</Uid>
<Uid>TX_TrucDoDuoi-1</Uid>
</InstancePath>
<Position>0 0 0.004500000000000004</Position>
<Axis>0 0 1</Axis>
</ConstraintGeometry>
</Distance>
<Concentric name="Concentric3">
<ConstraintGeometry geomType="cylinder">
<InstancePath>
<Uid>CT1_Full-1</Uid>
<Uid>CT1_TrucDo1-1</Uid>
</InstancePath>
<Position>2.2204460492503131e-16 -0.014999999999999958 0</Position>
<Axis>0 0.99999999999999989 0</Axis>
</ConstraintGeometry>
<ConstraintGeometry geomType="cylinder">
<InstancePath>
<Uid>CT2_Full-1</Uid>
<Uid>CT2_NapDuoi-1</Uid>
</InstancePath>
<Position>0.00035274863578541038 -0.056568542494923713 -0.076855677027229508</Position>
<Axis>0 1 0</Axis>
</ConstraintGeometry>
</Concentric>
<Concentric name="Concentric4">
<ConstraintGeometry geomType="cylinder">
<InstancePath>
<Uid>CT1_Full-1</Uid>
<Uid>CT1_TrucDo1-1</Uid>
</InstancePath>
<Position>-0.024143355215569873 -0.0030000000000000027 -0.00035274863578513282</Position>
<Axis>0 -0.99999999999999989 0</Axis>
</ConstraintGeometry>
<ConstraintGeometry geomType="cylinder">
<InstancePath>
<Uid>CT2_Full-1</Uid>
<Uid>CT2_NapDuoi-1</Uid>
</InstancePath>
<Position>0 0.0030000000000000027 -0.10099903224279938</Position>
<Axis>0 -1 0</Axis>
</ConstraintGeometry>
</Concentric>
<Concentric name="Concentric5">
<ConstraintGeometry geomType="cylinder">
<InstancePath>
<Uid>CT1_Full-1</Uid>
<Uid>CT1_TrucDo1-1</Uid>
</InstancePath>
<Position>0.024143355215570317 -0.0030000000000000027 0.0003527486357852716</Position>
<Axis>0 -0.99999999999999989 0</Axis>
</ConstraintGeometry>
<ConstraintGeometry geomType="cylinder">
<InstancePath>
<Uid>CT2_Full-1</Uid>
<Uid>CT2_NapDuoi-1</Uid>
</InstancePath>
<Position>0.00070549727157057096 0.0030000000000000027 -0.052712321811659191</Position>
<Axis>0 -1 0</Axis>
</ConstraintGeometry>
</Concentric>
<Coincident name="Coincident2">
<ConstraintGeometry geomType="plane">
<InstancePath>
<Uid>CT1_Full-1</Uid>
<Uid>CT1_TrucDo1-1</Uid>
</InstancePath>
<Position>2.2204460492503131e-16 -0.010000000000000009 0</Position>
<Axis>0 -0.99999999999999989 0</Axis>
</ConstraintGeometry>
<ConstraintGeometry geomType="plane">
<InstancePath>
<Uid>CT2_Full-1</Uid>
<Uid>CT2_NapDuoi-1</Uid>
</InstancePath>
<Position>0.00036062006663015178 1.1102230246251565e-16 -0.076138412176169012</Position>
<Axis>0 -1 0</Axis>
</ConstraintGeometry>
</Coincident>
<Concentric name="Concentric6">
<ConstraintGeometry geomType="cylinder">
<InstancePath>
<Uid>ThanXoay_Full-1</Uid>
<Uid>TX_DeXoay-1</Uid>
</InstancePath>
<Position>0 0 -0.0030000000000000027</Position>
<Axis>0 0 0.99999999999999989</Axis>
</ConstraintGeometry>
<ConstraintGeometry geomType="cylinder">
<InstancePath>
<Uid>DeTru_Full-1</Uid>
<Uid>DT_TrucQuay-1</Uid>
</InstancePath>
<Position>0 0.011999999999999983 0</Position>
<Axis>0 -0.99999999999999989 0</Axis>
</ConstraintGeometry>
</Concentric>
<Coincident name="Coincident3">
<ConstraintGeometry geomType="plane">
<InstancePath>
<Uid>ThanXoay_Full-1</Uid>
<Uid>TX_DeXoay-1</Uid>
</InstancePath>
<Position>0 0 -0.0030000000000000027</Position>
<Axis>0 0 0.99999999999999989</Axis>
</ConstraintGeometry>
<ConstraintGeometry geomType="plane">
<InstancePath>
<Uid>DeTru_Full-1</Uid>
<Uid>DT_TrucQuay-1</Uid>
</InstancePath>
<Position>0 0.011999999999999983 0</Position>
<Axis>0 0.99999999999999989 0</Axis>
</ConstraintGeometry>
</Coincident>
<Parallel name="Parallel2">
<ConstraintGeometry geomType="plane">
<InstancePath>
<Uid>DeTru_Full-1</Uid>
<Uid>DT_Than-1</Uid>
</InstancePath>
<Position>0.056579069974237312 0.10000000000000001 0.077752600656757154</Position>
<Axis>1.0000000000000002 0 -1.1102230246251565e-16</Axis>
</ConstraintGeometry>
<ConstraintGeometry geomType="plane">
<InstancePath>
<Uid>HopSo_Full-1</Uid>
<Uid>HS_Than-2</Uid>
<Uid>HS_Khung-1</Uid>
</InstancePath>
<Position>-0.050000000000000155 0.022499999999999964 -0.097499999999999989</Position>
<Axis>0 0 -1</Axis>
</ConstraintGeometry>
</Parallel>
<Coincident name="Coincident6">
<ConstraintGeometry geomType="plane">
<InstancePath>
<Uid>DeTru_Full-1</Uid>
<Uid>DT_Than-1</Uid>
</InstancePath>
<Position>-0.14342093002576267 0.099999999999999978 0.18975260065675692</Position>
<Axis>1.6653345369377348e-16 0 1.0000000000000002</Axis>
</ConstraintGeometry>
<ConstraintGeometry geomType="plane">
<InstancePath>
<Uid>HopSo_Full-1</Uid>
<Uid>HS_Than-2</Uid>
<Uid>HS_Khung-1</Uid>
</InstancePath>
<Position>-0.050000000000000044 0.022499999999999992 0.097500000000000031</Position>
<Axis>-1 0 0</Axis>
</ConstraintGeometry>
</Coincident>
<Coincident name="Coincident7">
<ConstraintGeometry geomType="plane">
<InstancePath>
<Uid>DeTru_Full-1</Uid>
<Uid>DT_Than-1</Uid>
</InstancePath>
<Position>-0.14342093002576273 0.10000000000000001 0.077752600656757043</Position>
<Axis>-1.0000000000000002 0 -1.6653345369377348e-16</Axis>
</ConstraintGeometry>
<ConstraintGeometry geomType="plane">
<InstancePath>
<Uid>HopSo_Full-1</Uid>
<Uid>HS_Than-2</Uid>
<Uid>HS_Khung-1</Uid>
</InstancePath>
<Position>-0.050000000000000044 0.022499999999999992 0.097500000000000031</Position>
<Axis>0 0 1</Axis>
</ConstraintGeometry>
</Coincident>
<Coincident name="Coincident8">
<ConstraintGeometry geomType="plane">
<InstancePath>
<Uid>DeTru_Full-1</Uid>
<Uid>DT_Than-1</Uid>
</InstancePath>
<Position>0 0.029999999999999999 0</Position>
<Axis>0 0.99999999999999989 0</Axis>
</ConstraintGeometry>
<ConstraintGeometry geomType="plane">
<InstancePath>
<Uid>HopSo_Full-1</Uid>
<Uid>HS_Than-2</Uid>
<Uid>HS_Khung-1</Uid>
</InstancePath>
<Position>0 0.022499999999999992 0</Position>
<Axis>0 1 0</Axis>
</ConstraintGeometry>
</Coincident>
<Parallel name="Parallel3">
<ConstraintGeometry geomType="plane">
<InstancePath>
<Uid>HopSo_Full-1</Uid>
<Uid>HS_Than-1</Uid>
<Uid>HS_Khung-1</Uid>
</InstancePath>
<Position>-0.049999999999999933 0.022499999999999992 0.097500000000000003</Position>
<Axis>0 0 1</Axis>
</ConstraintGeometry>
<ConstraintGeometry geomType="plane">
<InstancePath>
<Uid>TD_Full-1</Uid>
<Uid>TD_DeMotor-1</Uid>
</InstancePath>
<Position>-0.049999999999999822 0.0050000000000000044 0.097499999999999948</Position>
<Axis>2.2204460492503128e-16 0 1</Axis>
</ConstraintGeometry>
</Parallel>
<Coincident name="Coincident14">
<ConstraintGeometry geomType="plane">
<InstancePath>
<Uid>HopSo_Full-1</Uid>
<Uid>HS_Than-1</Uid>
<Uid>HS_Khung-1</Uid>
</InstancePath>
<Position>0.049999999999999933 0.022499999999999992 0.097499999999999962</Position>
<Axis>1 0 0</Axis>
</ConstraintGeometry>
<ConstraintGeometry geomType="plane">
<InstancePath>
<Uid>TD_Full-1</Uid>
<Uid>TD_DeMotor-1</Uid>
</InstancePath>
<Position>-0.049999999999999933 0.0050000000000000044 -0.097500000000000003</Position>
<Axis>-0.99999999999999989 0 -1.1102230246251564e-16</Axis>
</ConstraintGeometry>
</Coincident>
<Coincident name="Coincident12">
<ConstraintGeometry geomType="plane">
<InstancePath>
<Uid>HopSo_Full-1</Uid>
<Uid>HS_Than-1</Uid>
<Uid>HS_Khung-1</Uid>
</InstancePath>
<Position>-0.049999999999999933 0.022499999999999992 -0.097500000000000031</Position>
<Axis>0 0 -1</Axis>
</ConstraintGeometry>
<ConstraintGeometry geomType="plane">
<InstancePath>
<Uid>TD_Full-1</Uid>
<Uid>TD_DeMotor-1</Uid>
</InstancePath>
<Position>-0.049999999999999933 0.0050000000000000044 -0.097500000000000003</Position>
<Axis>-2.2204460492503128e-16 0 -1</Axis>
</ConstraintGeometry>
</Coincident>
<Coincident name="Coincident13">
<ConstraintGeometry geomType="plane">
<InstancePath>
<Uid>HopSo_Full-1</Uid>
<Uid>HS_Than-1</Uid>
<Uid>HS_Khung-1</Uid>
</InstancePath>
<Position>0 -0.02250000000000002 0</Position>
<Axis>0 -1 0</Axis>
</ConstraintGeometry>
<ConstraintGeometry geomType="plane">
<InstancePath>
<Uid>TD_Full-1</Uid>
<Uid>TD_DeMotor-1</Uid>
</InstancePath>
<Position>0 -0.0050000000000000044 0</Position>
<Axis>0 -1 0</Axis>
</ConstraintGeometry>
</Coincident>
</Constraints>
</RootAssembly>
<Assemblies>
<Assembly name="ThanXoay_Full" uid="ThanXoay_Full" version="212">
<ModelUnits mass="kilogram" length="millimeter"/>
<AssemblyFile name="ThanXoay_Full.SLDASM" type="SolidWorks Assembly"/>
</Assembly>
<Assembly name="DeTru_Full" uid="DeTru_Full" version="174">
<ModelUnits mass="kilogram" length="millimeter"/>
<AssemblyFile name="DeTru_Full.SLDASM" type="SolidWorks Assembly"/>
</Assembly>
<Assembly name="CT2_Full" uid="CT2_Full" version="141">
<ModelUnits mass="kilogram" length="millimeter"/>
<AssemblyFile name="CT2_Full.SLDASM" type="SolidWorks Assembly"/>
</Assembly>
<Assembly name="TD_Full" uid="TD_Full" version="157">
<ModelUnits mass="kilogram" length="millimeter"/>
<AssemblyFile name="TD_Full.SLDASM" type="SolidWorks Assembly"/>
</Assembly>
<Assembly name="HopSo_Full" uid="HopSo_Full" version="112">
<ModelUnits mass="kilogram" length="millimeter"/>
<AssemblyFile name="HopSo_Full.SLDASM" type="SolidWorks Assembly"/>
</Assembly>
<Assembly name="HS_Than" uid="HS_Than" version="133">
<ModelUnits mass="kilogram" length="millimeter"/>
<AssemblyFile name="HS_Than.SLDASM" type="SolidWorks Assembly"/>
</Assembly>
<Assembly name="CT1_Full" uid="CT1_Full" version="231">
<ModelUnits mass="kilogram" length="millimeter"/>
<AssemblyFile name="CT1_Full.SLDASM" type="SolidWorks Assembly"/>
</Assembly>
</Assemblies>
<Parts>
<Part name="CT1_BacTruot" uid="CT1_BacTruot*:*Default" version="106">
<ModelUnits mass="kilogram" length="millimeter"/>
<PartFile name="CT1_BacTruot.sldprt" type="SolidWorks Part"/>
<MassProperties>
<Mass>0.044107031206774644</Mass>
<CenterOfMass>0 0 0</CenterOfMass>
<Inertia>1.2244007758204904e-05 1.8555032370062859e-05 1.8555032370062862e-05 0 0 0</Inertia>
</MassProperties>
<GeometryFile name="CT1_BacTruot_Default_sldprt.STEP" type="STEP"/>
<VisualProperties>
<Ambient r="0.75686274509803919" g="0.76862745098039209" b="0.75294117647058822" a="1"/>
<Diffuse r="0.75686274509803919" g="0.76862745098039209" b="0.75294117647058822" a="1"/>
<Specular r="0.3784313725490196" g="0.38431372549019605" b="0.37647058823529411" a="1"/>
<Emissive r="0" g="0" b="0" a="1"/>
<Shininess>0.40000000596046448</Shininess>
</VisualProperties>
</Part>
<Part name="CT1_DAVM" uid="CT1_DAVM*:*Default" version="106">
<ModelUnits mass="kilogram" length="millimeter"/>
<PartFile name="CT1_DAVM.sldprt" type="SolidWorks Part"/>
<MassProperties>
<Mass>0.0061583046740100681</Mass>
<CenterOfMass>0.011000000000000034 0 0</CenterOfMass>
<Inertia>4.6787036594219124e-07 4.7415781387531481e-07 4.7415781387531481e-07 0 0 0</Inertia>
</MassProperties>
<GeometryFile name="CT1_DAVM_Default_sldprt.STEP" type="STEP"/>
<VisualProperties>
<Ambient r="0.75686274509803919" g="0.76862745098039209" b="0.75294117647058822" a="1"/>
<Diffuse r="0.75686274509803919" g="0.76862745098039209" b="0.75294117647058822" a="1"/>
<Specular r="0.3784313725490196" g="0.38431372549019605" b="0.37647058823529411" a="1"/>
<Emissive r="0" g="0" b="0" a="1"/>
<Shininess>0.40000000596046448</Shininess>
</VisualProperties>
</Part>
<Part name="CT1_Motor" uid="CT1_Motor*:*Default" version="126">
<ModelUnits mass="kilogram" length="millimeter"/>
<PartFile name="CT1_Motor.SLDPRT" type="SolidWorks Part"/>
<MassProperties>
<Mass>0.26889951369251802</Mass>
<CenterOfMass>1.3438138564430121e-05 0.04710345493821113 1.7463793198953343e-06</CenterOfMass>
<Inertia>0.00026129577866826912 0.00012393265675483744 0.00026133316902328125 1.4573841453915583e-09 1.3214496379514255e-08 1.1214362117270362e-08</Inertia>
</MassProperties>
<GeometryFile name="CT1_Motor_Default_sldprt.STEP" type="STEP"/>
<VisualProperties>
<Ambient r="0.792156862745098" g="0.81960784313725488" b="0.93333333333333335" a="1"/>
<Diffuse r="0.792156862745098" g="0.81960784313725488" b="0.93333333333333335" a="1"/>
<Specular r="0.396078431372549" g="0.40980392156862744" b="0.46666666666666667" a="1"/>
<Emissive r="0" g="0" b="0" a="1"/>
<Shininess>0.40000000596046448</Shininess>
</VisualProperties>
</Part>
<Part name="CT1_NapDuoi" uid="CT1_NapDuoi*:*Default" version="202">
<ModelUnits mass="kilogram" length="millimeter"/>
<PartFile name="CT1_NapDuoi.SLDPRT" type="SolidWorks Part"/>
<MassProperties>
<Mass>0.10077776609933974</Mass>
<CenterOfMass>4.131458926786663e-05 0.25241924874587141 0.0012499999999999998</CenterOfMass>
<Inertia>0.0019683078542072486 0.00011250792942427284 0.0020807108067918351 0 0 -1.7132848718727411e-06</Inertia>
</MassProperties>
<GeometryFile name="CT1_NapDuoi_Default_sldprt.STEP" type="STEP"/>
<VisualProperties>
<Ambient r="0.792156862745098" g="0.81960784313725488" b="0.93333333333333335" a="1"/>
<Diffuse r="0.792156862745098" g="0.81960784313725488" b="0.93333333333333335" a="1"/>
<Specular r="0.396078431372549" g="0.40980392156862744" b="0.46666666666666667" a="1"/>
<Emissive r="0" g="0" b="0" a="1"/>
<Shininess>0.40000000596046448</Shininess>
</VisualProperties>
</Part>
<Part name="CT1_NapTren" uid="CT1_NapTren*:*Default" version="250">
<ModelUnits mass="kilogram" length="millimeter"/>
<PartFile name="CT1_NapTren.SLDPRT" type="SolidWorks Part"/>
<MassProperties>
<Mass>0.1016879349538323</Mass>
<CenterOfMass>0.00017880624261087046 0.26590167121328689 0.00125</CenterOfMass>
<Inertia>0.0016423699512254782 0.00011293931910782226 0.0017552033454010566 0 0 -1.8459577610561212e-06</Inertia>
</MassProperties>
<GeometryFile name="CT1_NapTren_Default_sldprt.STEP" type="STEP"/>
<VisualProperties>
<Ambient r="0.792156862745098" g="0.81960784313725488" b="0.93333333333333335" a="1"/>
<Diffuse r="0.792156862745098" g="0.81960784313725488" b="0.93333333333333335" a="1"/>
<Specular r="0.396078431372549" g="0.40980392156862744" b="0.46666666666666667" a="1"/>
<Emissive r="0" g="0" b="0" a="1"/>
<Shininess>0.40000000596046448</Shininess>
</VisualProperties>
</Part>
<Part name="CT1_PuLy1" uid="CT1_PuLy1*:*Default" version="115">
<ModelUnits mass="kilogram" length="millimeter"/>
<PartFile name="CT1_PuLy1.SLDPRT" type="SolidWorks Part"/>
<MassProperties>
<Mass>0.01171336041069931</Mass>
<CenterOfMass>0.0094999988793624899 -3.6926131867384822e-05 5.6534206198102556e-05</CenterOfMass>
<Inertia>1.5334220531614693e-06 1.1438673263119233e-06 1.1415063802107971e-06 2.6925191268330772e-09 -3.3731130273531849e-14 5.0134965856787098e-14</Inertia>
</MassProperties>
<GeometryFile name="CT1_PuLy1_Default_sldprt.STEP" type="STEP"/>
<VisualProperties>
<Ambient r="0.66666666666666663" g="0.69803921568627447" b="0.76862745098039209" a="1"/>
<Diffuse r="0.66666666666666663" g="0.69803921568627447" b="0.76862745098039209" a="1"/>
<Specular r="0.33333333333333331" g="0.34901960784313724" b="0.38431372549019605" a="1"/>
<Emissive r="0" g="0" b="0" a="1"/>
<Shininess>0.3125</Shininess>
</VisualProperties>
</Part>
<Part name="CT1_PuLy2" uid="CT1_PuLy2*:*Default" version="125">
<ModelUnits mass="kilogram" length="millimeter"/>
<PartFile name="CT1_PuLy2.SLDPRT" type="SolidWorks Part"/>
<MassProperties>
<Mass>0.064307421492867722</Mass>
<CenterOfMass>0 0 0</CenterOfMass>
<Inertia>1.9461617938630772e-05 3.4541000331039727e-05 1.9461617938630331e-05 0 0 0</Inertia>
</MassProperties>
<GeometryFile name="CT1_PuLy2_Default_sldprt.STEP" type="STEP"/>
<VisualProperties>
<Ambient r="0.792156862745098" g="0.81960784313725488" b="0.93333333333333335" a="1"/>
<Diffuse r="0.792156862745098" g="0.81960784313725488" b="0.93333333333333335" a="1"/>
<Specular r="0.396078431372549" g="0.40980392156862744" b="0.46666666666666667" a="1"/>
<Emissive r="0" g="0" b="0" a="1"/>
<Shininess>0.40000000596046448</Shininess>
</VisualProperties>
</Part>
<Part name="CT1_PuLy3" uid="CT1_PuLy3*:*Default" version="118">
<ModelUnits mass="kilogram" length="millimeter"/>
<PartFile name="CT1_PuLy3.SLDPRT" type="SolidWorks Part"/>
<MassProperties>
<Mass>0.048917820293174638</Mass>
<CenterOfMass>0.0094999997272642543 -3.5876832587098799e-05 5.8996184094908252e-05</CenterOfMass>
<Inertia>4.58102677916543e-05 2.4376656913866469e-05 2.4335866197094168e-05 3.9362573361597842e-08 -1.5033033472529028e-13 1.4526362711458041e-13</Inertia>
</MassProperties>
<GeometryFile name="CT1_PuLy3_Default_sldprt.STEP" type="STEP"/>
<VisualProperties>
<Ambient r="0.66666666666666663" g="0.69803921568627447" b="0.76862745098039209" a="1"/>
<Diffuse r="0.66666666666666663" g="0.69803921568627447" b="0.76862745098039209" a="1"/>
<Specular r="0.33333333333333331" g="0.34901960784313724" b="0.38431372549019605" a="1"/>
<Emissive r="0" g="0" b="0" a="1"/>
<Shininess>0.3125</Shininess>
</VisualProperties>
</Part>
<Part name="CT1_ThanGiua" uid="CT1_ThanGiua*:*Default" version="773">
<ModelUnits mass="kilogram" length="millimeter"/>
<PartFile name="CT1_ThanGiua.SLDPRT" type="SolidWorks Part"/>
<MassProperties>
<Mass>0.91893887460689727</Mass>
<CenterOfMass>-0.0014508298196513954 0.26605818304487128 0.057635980369393505</CenterOfMass>
<Inertia>0.018120597239709258 0.0024214601345425254 0.018691845011448285 0.0001975564107598773 3.7298996913979614e-06 3.4713163902609121e-05</Inertia>
</MassProperties>
<GeometryFile name="CT1_ThanGiua_Default_sldprt.STEP" type="STEP"/>
<VisualProperties>
<Ambient r="0.792156862745098" g="0.81960784313725488" b="0.93333333333333335" a="1"/>
<Diffuse r="0.792156862745098" g="0.81960784313725488" b="0.93333333333333335" a="1"/>
<Specular r="0.396078431372549" g="0.40980392156862744" b="0.46666666666666667" a="1"/>
<Emissive r="0" g="0" b="0" a="1"/>
<Shininess>0.40000000596046448</Shininess>
</VisualProperties>
</Part>
<Part name="CT1_Truc1" uid="CT1_Truc1*:*Default" version="123">
<ModelUnits mass="kilogram" length="millimeter"/>
<PartFile name="CT1_Truc1.SLDPRT" type="SolidWorks Part"/>
<MassProperties>
<Mass>0.0086247190316551779</Mass>
<CenterOfMass>0 0.054907084749878564 0</CenterOfMass>
<Inertia>8.7213312750583206e-06 1.0767054837942155e-07 8.7213312750583206e-06 0 0 0</Inertia>
</MassProperties>
<GeometryFile name="CT1_Truc1_Default_sldprt.STEP" type="STEP"/>
<VisualProperties>
